[3.15483, 9.00383, 4.22533, 8.7655]
[5.7085, 2.0155, 0.879833, 2.72333]

---- na schrijven zoekalgoritme ----
[2.24367, 1.6935, 0.820333, 4.41617]  (lage gamma nodig!)
[0.9675, 1.89217, 3.68567, 0.317333] - lijn!
[0.5715, 2.941333333333333, 2.773833333333333, 0.15116666666666667] - lines4
[2.2735, 0.33816666666666667, 4.0035, 3.7093333333333334] - chaos3
[ 2.0055, 0.37066666666666664, 3.1245, 5.233666666666666] - chaos4
[0.37816666666666665, 10.6825, 9.304166666666667, 0.42133333333333334] - chaos5
[0.7893333333333333, 1.3456666666666666, 4.533166666666666, 0.5728333333333333] - lines 5

------------ bureaublad & lock screen -------------------
[ 7.3305  0.8646666666666667  0.37083333333333335  6.1305 ] - bureaublad
[0.7893333333333333, 1.3456666666666666, 4.533166666666666, 0.5728333333333333] - lock screen

------------ composite image -------------
1: [ 0.8985  2.2485  2.9541666666666666  1.2803333333333333 ]
2: [ 7.3305  0.8646666666666667  0.37083333333333335  6.1305 ]
3: [ 3.337  0.2613333333333333  0.39416666666666667  0.42033333333333334 ]
4: [ 0.017666666666666667  1.5275  9.778166666666667  9.635 ]
5: [ 9.6335  0.06216666666666667  0.179  2.455 ]
6: [ 0.46  10.708  6.137166666666666  0.5205 ]
7: [ 3.5176666666666665  2.0501666666666667  1.0196666666666667  8.616 ]
8: [ 1.5986666666666667  0.124  6.888333333333334  3.7213333333333334 ]
9: [ 8.233333333333333  7.514  0.6045  0.36933333333333335 ]
10: [ 4.601833333333333  0.06133333333333333  1.6218333333333332  10.8285 ]
11: [ 0.7593333333333333  0.8595  9.2755  1.9261666666666666 ]
12: [ 4.599666666666667  0.8931666666666667  1.4926666666666666  5.005333333333334 ]
13: [ 0.602  4.498166666666667  6.7295  3.6585 ]
14: [ 0.044833333333333336  3.840333333333333  8.384333333333334  5.851 ]
15: [ 5.615166666666667  5.978666666666666  1.662  0.018 ]
16: [ 2.9818333333333333  1.2001666666666666  1.2225  1.619 ]
17: [ 6.849166666666667  0.023833333333333335  4.424833333333333  9.038666666666666 ]
18: [ 6.847833333333333  0.5298333333333334  0.43483333333333335  8.4675 ]
19: [ 8.8535  0.007166666666666667  6.2305  3.2771666666666666 ]
20: [ 0.0595  3.3515  6.2805  9.917333333333334 ]
21: [ 6.814166666666667  9.941333333333333  0.8456666666666667  0.2875 ]
22: [ 3.5276666666666667  2.4038333333333335  1.3243333333333334  2.5565 ]
23: [ 3.611666666666667  0.43216666666666664  2.616  6.7715 ]
24: [ 1.0561666666666667  1.513  9.3375  2.2453333333333334 ]
25: [ 2.5096666666666665  4.627833333333333  3.3045  0.0285 ]
26: [ 7.5071666666666665  2.7598333333333334  1.3706666666666667  6.835 ]
27: [ 4.147333333333333  4.846666666666667  2.3065  1.4453333333333334 ]
28: [ 1.9806666666666666  2.7263333333333333  0.8178333333333333  1.7625 ]
29: [ 5.890833333333333  2.343  8.849  0.008166666666666666 ]
30: [ 10.552833333333334  3.5453333333333332  8.011833333333334  0.08166666666666667 ]
31: [ 1.1668333333333334  5.0343333333333335  5.052833333333333  1.3678333333333332 ]
32: [ 5.119666666666666  4.626166666666666  6.907333333333334  0.06516666666666666 ]
33: [ 1.8888333333333334  1.1371666666666667  10.6855  0.18916666666666668 ]
34: [ 5.423333333333333  4.332  2.163666666666667  5.675666666666666 ]
35: [ 9.240666666666666  1.5318333333333334  0.20783333333333334  4.488166666666666 ]
36: [ 3.9875  3.142  0.39516666666666667  1.1746666666666667 ]
37: [ 1.6148333333333333  8.236166666666668  2.308333333333333  1.3693333333333333 ]
38: [ 6.509  1.0166666666666666  0.6986666666666667  8.231166666666667 ]
39: [ 10.309  8.402666666666667  8.392666666666667  0.05333333333333334 ]
40: [ 0.19816666666666666  3.117  10.619  5.527166666666667 ]
41: [ 2.488  0.17516666666666666  5.0755  4.085166666666667 ]
42: [ 3.7395  3.0166666666666666  1.2073333333333334  3.572 ]
43: [ 5.698666666666667  3.397666666666667  9.440833333333334  0.030333333333333334 ]
44: [ 6.312  0.052333333333333336  8.147333333333334  2.7736666666666667 ]
45: [ 2.1986666666666665  0.03133333333333333  4.209666666666666  8.0915 ]
46: [ 6.779333333333334  3.5235  1.9948333333333332  6.800333333333334 ]
47: [ 4.700333333333333  0.10333333333333333  1.5606666666666666  0.9255 ]
48: [ 0.18866666666666668  4.736833333333333  5.8036666666666665  3.3185 ]
49: [ 0.22916666666666666  0.07966666666666666  9.260166666666667  1.816 ]
50: [ 6.235166666666666  0.8863333333333333  0.7621666666666667  1.194 ]
51: [ 2.8075  4.172833333333333  7.575166666666667  0.10166666666666667 ]
52: [ 5.9703333333333335  2.0961666666666665  8.764  0.062 ]
53: [ 2.8546666666666667  0.29383333333333334  1.144  10.387333333333334 ]
54: [ 7.2855  1.9091666666666667  5.792166666666667  0.19683333333333333 ]
55: [ 8.3745  10.367333333333333  0.091  0.016666666666666666 ]
56: [ 1.3385  0.11683333333333333  8.6925  1.3483333333333334 ]
57: [ 2.6475  2.296333333333333  3.2558333333333334  1.7128333333333334 ]
58: [ 0.13183333333333333  2.0736666666666665  9.100333333333333  2.455 ]
59: [ 7.4945  7.5775  0.007166666666666667  9.921333333333333 ]
60: [ 9.929333333333334  8.594833333333334  4.313  0.263 ]
61: [ 0.3863333333333333  8.911833333333334  9.135  0.21733333333333332 ]
62: [ 9.288166666666667  0.04033333333333333  0.05616666666666666  9.2675 ]
63: [ 0.067  7.2995  5.976833333333333  10.680166666666667 ]
64: [ 1.0815  3.252666666666667  4.355  2.647 ]
65: [ 3.4205  0.06333333333333334  7.657166666666667  3.573166666666667 ]
66: [ 0.077  7.283833333333333  9.6105  1.3646666666666667 ]
67: [ 0.20533333333333334  3.3076666666666665  6.299166666666666  7.1975 ]
68: [ 7.0225  0.06066666666666667  9.424666666666667  2.6576666666666666 ]
69: [ 1.3248333333333333  9.728333333333333  9.791166666666667  2.972 ]
70: [ 1.394  1.6478333333333333  3.1261666666666668  5.2685 ]
71: [ 7.2305  8.3325  9.6255  0.016666666666666666 ]
72: [ 0.42866666666666664  5.1675  1.045  2.383166666666667 ]
73: [ 0.7493333333333333  7.48  6.388333333333334  0.27166666666666667 ]
74: [ 10.448166666666667  0.03333333333333333  5.816  2.8573333333333335 ]
75: [ 0.5101666666666667  0.08566666666666667  5.1178333333333335  9.943833333333334 ]
76: [ 0.9876666666666667  0.204  8.242166666666666  5.3715 ]
77: [ 1.826  1.7213333333333334  5.0328333333333335  0.07166666666666667 ]
78: [ 0.31383333333333335  6.860333333333333  7.451666666666667  0.7365 ]
79: [ 2.543833333333333  6.8821666666666665  6.615166666666667  4.979333333333333 ]
80: [ 0.6208333333333333  4.678166666666667  10.718666666666667  0.6513333333333333 ]
81: [ 0.06766666666666667  3.9736666666666665  10.849333333333334  9.099666666666666 ]
82: [ 0.128  3.4103333333333334  9.6145  9.5255 ]
83: [ 0.010333333333333333  2.962  10.794  5.835833333333333 ]
84: [ 2.2031666666666667  5.044833333333333  0.14966666666666667  2.4143333333333334 ]
85: [ 2.7325  2.038666666666667  0.33566666666666667  3.627666666666667 ]
86: [ 1.5555  1.7405  2.9316666666666666  1.9445 ]
87: [ 0.07883333333333334  1.9283333333333332  8.016166666666667  6.918333333333333 ]
88: [ 1.4883333333333333  3.2423333333333333  9.44  3.130333333333333 ]
89: [ 1.8875  0.058833333333333335  5.0648333333333335  8.358 ]
90: [ 10.660666666666666  9.508833333333333  1.941  0.025166666666666667 ]
91: [ 5.6723333333333334  4.218666666666667  1.1535  2.0883333333333334 ]
92: [ 10.300666666666666  0.016166666666666666  6.388833333333333  9.130833333333333 ]
93: [ 1.5008333333333332  1.142  2.874833333333333  2.7075 ]
94: [ 8.9785  0.044833333333333336  5.5945  3.855166666666667 ]
95: [ 1.0105  0.4836666666666667  2.8446666666666665  7.945666666666667 ]
96: [ 2.245  6.314333333333333  0.14683333333333334  1.1955 ]
97: [ 0.7066666666666667  9.4425  3.149  1.7436666666666667 ]
98: [ 2.5391666666666666  10.256833333333333  4.140833333333333  0.14583333333333334 ]
99: [ 1.7156666666666667  0.06866666666666667  0.162  8.172833333333333 ]
100: [ 5.265833333333333  7.4125  6.140666666666666  0.059833333333333336 ]
101: [ 0.06266666666666666  8.866333333333333  4.965166666666667  5.329166666666667 ]
102: [ 7.471  9.886  0.462  0.118 ]
103: [ 3.017333333333333  4.4286666666666665  0.6116666666666667  1.4248333333333334 ]
104: [ 1.0028333333333332  3.328666666666667  6.823166666666666  1.9311666666666667 ]
105: [ 1.2393333333333334  5.451333333333333  2.2596666666666665  1.4245 ]
106: [ 4.153666666666667  0.12916666666666668  7.4235  4.532 ]
107: [ 2.051833333333333  5.533333333333333  2.627  0.4043333333333333 ]
108: [ 1.6046666666666667  7.489833333333333  1.8271666666666666  1.1531666666666667 ]
109: [ 6.1555  0.0035  8.394666666666666  8.212333333333333 ]
110: [ 4.582666666666666  3.481333333333333  0.06133333333333333  2.5808333333333335 ]
111: [ 1.0376666666666667  0.12033333333333333  9.659  6.042666666666666 ]
112: [ 6.564166666666667  7.02  3.523833333333333  0.95 ]
113: [ 0.020166666666666666  0.6416666666666667  9.946166666666667  10.849666666666666 ]
114: [ 8.229166666666666  4.0855  0.1375  6.665666666666667 ]
115: [ 7.872166666666667  7.956666666666667  3.097166666666667  0.005 ]
116: [ 1.3455  2.737  2.325  1.1153333333333333 ]
117: [ 4.979666666666667  0.0095  0.076  9.393833333333333 ]
118: [ 9.761333333333333  0.04133333333333333  1.9745  9.6265 ]
119: [ 7.1935  2.853666666666667  1.0631666666666666  2.8878333333333335 ]
120: [ 1.7803333333333333  0.04416666666666667  3.7521666666666667  8.0175 ]
121: [ 4.418333333333333  2.3785  8.968666666666667  0.051833333333333335 ]
122: [ 1.1415  4.705666666666667  3.1725  2.1703333333333332 ]
123: [ 0.6711666666666667  5.096  4.6226666666666665  0.526 ]
124: [ 6.379  9.116  0.894  0.051333333333333335 ]
125: [ 1.8581666666666667  2.6788333333333334  9.077833333333333  0.19883333333333333 ]
126: [ 6.0855  1.508  2.2256666666666667  0.21016666666666667 ]
127: [ 6.696833333333333  0.16633333333333333  0.41083333333333333  7.032333333333334 ]
128: [ 8.278  6.7716666666666665  0.03133333333333333  10.600666666666667 ]
129: [ 0.036  8.681333333333333  2.534  1.1426666666666667 ]
130: [ 6.552  0.8203333333333334  4.167  0.36766666666666664 ]
131: [ 0.8468333333333333  10.1585  2.3301666666666665  1.3351666666666666 ]
132: [ 1.7238333333333333  1.8451666666666666  3.0048333333333335  1.292 ]
133: [ 0.9438333333333333  4.952166666666667  2.486  2.912 ]
134: [ 2.881  2.753833333333333  2.686  6.339833333333333 ]
135: [ 1.0888333333333333  5.816166666666667  3.874833333333333  0.21266666666666667 ]
136: [ 4.498833333333334  2.3225  0.601  2.085166666666667 ]
137: [ 0.184  6.6455  9.0795  1.2425 ]
138: [ 4.814666666666667  9.383666666666667  4.740166666666667  4.7475 ]
139: [ 8.465  6.224666666666667  1.7478333333333333  0.018333333333333333 ]
140: [ 4.2975  0.003833333333333333  1.7311666666666667  10.048 ]
141: [ 0.0115  4.373166666666667  3.167  7.653833333333333 ]
142: [ 3.952  0.5061666666666667  1.2921666666666667  8.228333333333333 ]
143: [ 6.214  7.6265  5.604333333333333  0.07066666666666667 ]
144: [ 2.5103333333333335  0.9636666666666667  0.31033333333333335  8.428 ]
145: [ 2.766166666666667  6.589333333333333  9.996  0.36916666666666664 ]
146: [ 7.034  0.44033333333333335  0.976  0.4246666666666667 ]
147: [ 3.0205  6.225833333333333  5.271  0.026 ]
148: [ 10.653  1.17  0.1895  5.392833333333333 ]
149: [ 2.3595  10.661166666666666  10.478666666666667  2.2163333333333335 ]
150: [ 1.3291666666666666  7.550666666666666  2.8081666666666667  0.7051666666666667 ]
151: [ 8.782166666666667  0.238  7.2785  4.405833333333334 ]
152: [ 4.432833333333333  0.021  6.800166666666667  5.659833333333333 ]
153: [ 8.779  0.04583333333333333  9.693166666666666  6.4595 ]
154: [ 3.2096666666666667  9.288833333333333  0.6296666666666667  0.445 ]
155: [ 0.05466666666666667  6.185666666666667  4.258  9.078166666666666 ]
156: [ 4.949666666666666  5.279166666666667  10.630166666666666  0.062 ]
157: [ 7.9031666666666665  5.616833333333333  0.8465  0.336 ]
158: [ 8.613666666666667  2.321833333333333  8.1865  0.04766666666666667 ]
159: [ 1.1055  4.4325  10.419333333333332  2.2676666666666665 ]
160: [ 1.6535  5.728666666666666  5.750666666666667  1.5465 ]
161: [ 7.18  0.14183333333333334  1.5931666666666666  5.0225 ]
162: [ 4.192833333333334  0.011666666666666667  7.9315  10.184666666666667 ]
163: [ 0.5671666666666667  4.887666666666667  5.822166666666667  1.1941666666666666 ]
164: [ 5.520333333333333  2.529  0.2775  2.2185 ]
165: [ 0.43916666666666665  9.797166666666667  6.974666666666667  0.22116666666666668 ]
166: [ 0.5026666666666667  6.8535  6.529  0.7526666666666667 ]
167: [ 7.438  4.6555  10.875666666666667  0.02266666666666667 ]
168: [ 0.7908333333333334  2.7225  2.4131666666666667  3.1685 ]
169: [ 5.9703333333333335  0.29233333333333333  0.358  5.382833333333333 ]
170: [ 4.462833333333333  7.9046666666666665  1.2791666666666666  0.474 ]
171: [ 6.534666666666666  0.17166666666666666  4.249333333333333  0.966 ]
172: [ 1.0721666666666667  4.151833333333333  1.8753333333333333  0.8478333333333333 ]
173: [ 8.891666666666667  0.09116666666666666  2.0936666666666666  3.1703333333333332 ]
174: [ 0.44466666666666665  2.4606666666666666  6.034833333333333  4.225 ]
175: [ 3.0641666666666665  3.430833333333333  2.3451666666666666  6.128333333333333 ]
176: [ 5.957833333333333  2.1245  1.1925  2.3638333333333335 ]
177: [ 7.695  3.437333333333333  0.22583333333333333  2.4381666666666666 ]
178: [ 0.8098333333333333  0.21016666666666667  2.059  0.6763333333333333 ]
179: [ 4.590333333333334  9.584333333333333  0.13566666666666666  0.6158333333333333 ]
180: [ 1.281  9.3115  9.274666666666667  0.15716666666666668 ]
181: [ 3.804666666666667  0.054  5.7651666666666666  8.738833333333334 ]
182: [ 1.3005  3.8775  2.1545  5.369833333333333 ]
183: [ 10.182333333333334  0.6498333333333334  0.8813333333333333  1.9321666666666666 ]
184: [ 0.6403333333333333  8.038166666666667  3.8528333333333333  1.7525 ]
185: [ 9.873666666666667  3.064  0.0605  4.771333333333334 ]
186: [ 3.8795  0.2545  1.39  2.1305 ]
187: [ 6.785666666666667  0.043166666666666666  8.4255  1.7981666666666667 ]
188: [ 9.4695  1.9906666666666666  0.057666666666666665  5.285666666666667 ]
189: [ 4.144  1.8608333333333333  5.557833333333333  8.2815 ]
190: [ 8.337833333333334  5.064  1.2931666666666666  0.7605 ]
191: [ 6.39  1.0925  0.22233333333333333  2.5068333333333332 ]
192: [ 2.4238333333333335  4.6145  0.022333333333333334  1.5848333333333333 ]
193: [ 5.453  0.4573333333333333  1.1033333333333333  10.816166666666666 ]
194: [ 5.6225  0.7211666666666666  0.8965  7.005833333333333 ]
195: [ 7.665333333333334  0.2175  4.528666666666667  1.0296666666666667 ]
196: [ 6.774166666666667  7.7605  4.741666666666666  0.0125 ]
197: [ 1.319  1.1446666666666667  1.0643333333333334  6.836833333333334 ]
198: [ 2.0215  0.447  2.3161666666666667  5.6738333333333335 ]
199: [ 1.9213333333333333  5.274166666666667  7.301833333333334  0.04733333333333333 ]
200: [ 5.988666666666667  4.3715  0.29683333333333334  1.8445 ]
201: [ 7.9046666666666665  8.432666666666666  5.991833333333333  0.034333333333333334 ]
202: [ 0.03983333333333333  4.71  9.7975  0.8816666666666667 ]
203: [ 4.134666666666667  0.8366666666666667  7.470833333333333  8.262166666666667 ]
204: [ 2.311166666666667  0.609  2.010666666666667  4.311833333333333 ]
205: [ 10.407333333333334  1.9906666666666666  8.355166666666667  0.036166666666666666 ]
206: [ 6.513166666666667  0.6923333333333334  0.47383333333333333  3.2565 ]
207: [ 0.7995  1.2033333333333334  5.013166666666667  4.0355 ]
208: [ 0.3575  3.6435  7.223333333333334  2.257 ]
209: [ 4.0888333333333335  3.5435  0.4645  2.3913333333333333 ]
210: [ 1.6438333333333333  1.1281666666666668  3.1936666666666667  4.295 ]
211: [ 6.301666666666667  0.362  0.5478333333333333  0.12333333333333334 ]
212: [ 1.8831666666666667  6.478  6.446166666666667  0.7551666666666667 ]
213: [ 0.5015  8.313666666666666  1.1986666666666668  1.595 ]
214: [ 4.618833333333333  6.0995  8.989333333333333  0.08116666666666666 ]
215: [ 2.592  2.3533333333333335  3.5338333333333334  4.591833333333334 ]
216: [ 4.763333333333334  0.0765  5.682833333333333  7.488333333333333 ]
217: [ 1.32  0.5936666666666667  1.6158333333333332  8.7875 ]
218: [ 2.651666666666667  0.19116666666666668  4.303333333333334  2.9546666666666668 ]
219: [ 2.6658333333333335  0.17733333333333334  4.276666666666666  7.121333333333333 ]
220: [ 1.591  0.009333333333333334  3.4113333333333333  8.414166666666667 ]
221: [ 0.7576666666666667  2.3465  10.011166666666666  1.1085 ]
222: [ 0.8423333333333334  0.7565  7.774666666666667  5.446 ]
223: [ 7.448333333333333  2.767  1.6256666666666666  7.484333333333334 ]
224: [ 0.23283333333333334  6.475666666666666  3.7318333333333333  3.6521666666666666 ]
225: [ 5.2275  0.072  7.899666666666667  3.7556666666666665 ]
226: [ 0.5535  0.5855  3.765  3.516166666666667 ]
227: [ 0.115  8.848666666666666  5.726166666666667  1.6491666666666667 ]
228: [ 1.3156666666666668  10.313333333333333  2.062333333333333  0.8008333333333333 ]
229: [ 6.334833333333333  0.765  1.145  8.489166666666666 ]
230: [ 0.36633333333333334  7.8095  1.615  0.1815 ]
231: [ 7.331833333333333  0.233  1.4888333333333332  6.369166666666667 ]
232: [ 6.405333333333333  0.20733333333333334  1.022  5.961833333333334 ]
233: [ 6.099666666666667  6.902833333333334  1.3563333333333334  0.037 ]
234: [ 3.9203333333333332  4.555666666666666  2.6046666666666667  0.01633333333333333 ]
235: [ 10.132666666666667  0.007166666666666667  9.494666666666667  6.390333333333333 ]
236: [ 2.9646666666666666  0.1005  1.8868333333333334  7.613666666666667 ]
237: [ 1.9306666666666668  0.0011666666666666668  9.774  2.8491666666666666 ]
238: [ 2.2985  0.026  6.2171666666666665  5.339666666666667 ]
239: [ 8.669  1.053  0.7696666666666667  0.8646666666666667 ]
240: [ 1.0641666666666667  7.662333333333334  1.0018333333333334  1.622 ]
241: [ 1.7383333333333333  1.5433333333333332  3.0671666666666666  6.608 ]
242: [ 4.323333333333333  0.17933333333333334  5.8665  1.093 ]
243: [ 0.8875  2.5435  3.676833333333333  0.6196666666666667 ]
244: [ 1.3095  4.5065  2.8921666666666668  1.083 ]
245: [ 1.9993333333333334  5.859  5.850333333333333  4.065 ]
246: [ 4.5151666666666666  4.413166666666666  0.1835  4.514333333333333 ]
247: [ 1.6398333333333333  0.9311666666666667  1.7786666666666666  10.019833333333333 ]
248: [ 2.5145  1.5885  0.5015  9.283666666666667 ]
249: [ 10.562833333333334  0.12266666666666666  2.3096666666666668  2.9818333333333333 ]
250: [ 9.662666666666667  0.0145  9.0695  2.167666666666667 ]
251: [ 1.9636666666666667  1.2305  10.438  0.058 ]
252: [ 6.156  0.051166666666666666  5.982  7.098166666666667 ]
253: [ 10.591833333333334  1.5145  0.1945  3.2921666666666667 ]
254: [ 1.6336666666666666  2.4685  4.9375  0.38216666666666665 ]
255: [ 0.5471666666666667  4.712833333333333  6.507666666666666  0.012166666666666666 ]
256: [ 8.336  9.811166666666667  0.12233333333333334  0.7785 ]
257: [ 10.278666666666666  2.646166666666667  0.9935  2.6595 ]
258: [ 1.3713333333333333  0.37616666666666665  7.812333333333333  8.142333333333333 ]
259: [ 0.4765  3.8676666666666666  4.506666666666667  1.1303333333333334 ]
260: [ 6.710833333333333  8.392666666666667  0.5493333333333333  0.8356666666666667 ]
261: [ 0.604  1.7406666666666666  0.13666666666666666  10.443 ]
262: [ 1.287  8.963666666666667  0.3456666666666667  1.126 ]
263: [ 1.6865  0.7745  2.4095  5.611833333333333 ]
264: [ 1.1555  9.084166666666667  7.433333333333334  0.06 ]
265: [ 0.4023333333333333  9.949166666666667  3.4691666666666667  0.6593333333333333 ]
266: [ 1.7495  1.7873333333333334  4.496  2.9583333333333335 ]
267: [ 5.1531666666666665  2.120833333333333  0.5536666666666666  7.267666666666667 ]
268: [ 1.3028333333333333  5.3933333333333335  6.497166666666667  2.605 ]
269: [ 4.671666666666667  3.144833333333333  0.3943333333333333  2.6816666666666666 ]
270: [ 6.854  0.0031666666666666666  6.946833333333333  3.679 ]
271: [ 10.205166666666667  2.7213333333333334  1.3728333333333333  9.931166666666666 ]
272: [ 2.0051666666666668  3.478  4.154166666666667  0.0345 ]
273: [ 1.2616666666666667  0.08916666666666667  2.6943333333333332  6.22 ]
274: [ 2.6533333333333333  0.136  6.291666666666667  5.014666666666667 ]
275: [ 3.8055  0.7951666666666667  2.6588333333333334  3.4175 ]
276: [ 6.147  1.6031666666666666  1.0246666666666666  3.098333333333333 ]
277: [ 7.937666666666667  0.011833333333333333  9.743  2.2173333333333334 ]
278: [ 2.79  0.0635  5.1545  3.1763333333333335 ]
279: [ 6.372333333333334  0.09516666666666666  10.567666666666666  1.3978333333333333 ]
280: [ 0.897  1.3756666666666666  3.817833333333333  2.0046666666666666 ]
281: [ 1.11  7.711166666666666  4.704666666666666  0.4805 ]
282: [ 8.1485  5.803833333333333  0.04516666666666667  9.212833333333334 ]
283: [ 4.465  2.5963333333333334  0.82  4.557166666666666 ]
284: [ 1.5003333333333333  0.8851666666666667  0.804  4.334333333333333 ]
285: [ 2.241  8.063333333333333  7.8975  2.3065 ]
286: [ 0.283  6.878333333333333  3.123666666666667  3.4006666666666665 ]
287: [ 7.050666666666666  0.013333333333333334  5.211  6.628833333333334 ]
288: [ 1.4023333333333334  0.304  1.3346666666666667  5.394833333333334 ]
289: [ 5.533166666666666  0.053  7.679833333333334  7.232833333333334 ]
290: [ 2.378833333333333  4.331666666666667  0.8223333333333334  3.8478333333333334 ]
291: [ 8.655666666666667  0.0455  8.161666666666667  6.1705 ]
292: [ 0.49433333333333335  0.37866666666666665  4.029833333333333  8.568333333333333 ]
293: [ 1.8555  0.9451666666666667  3.0328333333333335  6.349333333333333 ]
294: [ 0.2035  6.515  3.5501666666666667  6.495166666666667 ]
295: [ 3.980166666666667  0.09466666666666666  7.997  2.1315 ]
296: [ 6.936166666666667  7.877166666666667  0.0735  3.5841666666666665 ]
297: [ 1.7505  0.16266666666666665  6.365833333333334  2.554333333333333 ]
298: [ 0.9335  6.597833333333333  9.878333333333334  1.1431666666666667 ]
299: [ 0.048  5.3795  10.839333333333334  0.5551666666666667 ]
300: [ 0.1925  9.9  8.268666666666666  9.205166666666667 ]
301: [ 8.604833333333334  0.1535  4.9035  0.383 ]
302: [ 10.501  0.02  6.801166666666667  7.364 ]
303: [ 0.2755  3.508  0.26916666666666667  0.8465 ]
304: [ 0.7588333333333334  8.388833333333332  0.015166666666666667  7.300333333333334 ]
305: [ 1.3908333333333334  5.150166666666666  2.9811666666666667  1.2573333333333334 ]
306: [ 4.405166666666666  0.8893333333333333  1.8456666666666666  3.344333333333333 ]
307: [ 0.0205  1.546  4.622166666666667  8.1865 ]
308: [ 5.958  0.5946666666666667  1.0426666666666666  7.558333333333334 ]
309: [ 10.8325  0.06966666666666667  7.701666666666667  1.1621666666666666 ]
310: [ 6.723166666666667  0.7293333333333333  0.7171666666666666  4.877 ]
311: [ 2.8705  7.097333333333333  3.396166666666667  0.5606666666666666 ]
312: [ 0.7003333333333334  6.3645  0.1575  7.258166666666667 ]
313: [ 8.5315  2.8595  3.2161666666666666  0.014833333333333334 ]
314: [ 2.7771666666666666  3.4591666666666665  3.3503333333333334  0.09916666666666667 ]
315: [ 0.137  6.698  7.7588333333333335  1.3433333333333333 ]
316: [ 4.399333333333334  0.9638333333333333  3.4901666666666666  8.69 ]
317: [ 0.058833333333333335  8.026166666666667  2.556  3.313 ]
318: [ 3.3965  4.208  1.6771666666666667  0.321 ]
319: [ 0.10266666666666667  4.644833333333334  9.561166666666667  2.802 ]
320: [ 0.8721666666666666  6.182  6.142666666666667  1.0628333333333333 ]
321: [ 3.2796666666666665  4.029333333333334  2.788666666666667  0.09166666666666666 ]
322: [ 8.6535  0.0095  1.7296666666666667  4.059 ]
323: [ 2.5443333333333333  0.08166666666666667  8.9945  4.851333333333334 ]
324: [ 0.6921666666666667  2.470666666666667  2.8183333333333334  0.25316666666666665 ]
325: [ 6.732166666666667  3.452166666666667  0.8796666666666667  4.310333333333333 ]
326: [ 6.058  6.666  0.07333333333333333  6.7505 ]
327: [ 2.8841666666666668  0.06683333333333333  2.034  6.495833333333334 ]
328: [ 3.2785  0.613  10.0405  0.19266666666666668 ]
329: [ 2.266166666666667  5.510166666666667  9.918333333333333  0.05433333333333333 ]
330: [ 1.1425  2.9115  2.9133333333333336  1.5685 ]
331: [ 0.18233333333333332  1.9485  9.055  1.1758333333333333 ]
332: [ 0.9403333333333334  0.8696666666666667  4.5235  5.0955 ]
333: [ 7.7005  0.0115  8.544166666666667  6.949 ]
334: [ 1.7375  0.6653333333333333  0.7113333333333334  10.298333333333334 ]
335: [ 4.293666666666667  1.684  0.361  4.464333333333333 ]
336: [ 3.2588333333333335  2.7355  0.24266666666666667  6.950833333333334 ]
337: [ 0.6151666666666666  1.2731666666666666  0.3795  5.755 ]
338: [ 5.6475  2.347166666666667  0.255  10.638333333333334 ]
339: [ 0.37133333333333335  5.990333333333333  9.780333333333333  0.4121666666666667 ]
340: [ 0.6851666666666667  5.707  5.721333333333333  1.2335 ]
341: [ 2.9991666666666665  9.053  0.028  1.4341666666666666 ]
342: [ 1.46  3.5561666666666665  4.2091666666666665  1.467 ]
343: [ 9.816333333333333  0.051833333333333335  10.667166666666667  4.4785 ]
344: [ 0.179  8.546  3.025  0.0026666666666666666 ]
345: [ 4.288833333333334  6.960666666666667  2.483833333333333  0.13866666666666666 ]
346: [ 0.023833333333333335  9.868333333333334  7.164  5.130166666666667 ]
347: [ 1.6791666666666667  5.804333333333333  1.4836666666666667  2.240666666666667 ]
348: [ 1.688  1.2818333333333334  1.9875  8.268833333333333 ]
349: [ 1.5485  3.3835  2.9055  2.7643333333333335 ]
350: [ 10.678  0.14866666666666667  1.1155  10.583 ]
351: [ 1.4298333333333333  0.5456666666666666  0.13616666666666666  4.287166666666667 ]
352: [ 0.13216666666666665  4.862166666666667  2.5156666666666667  3.0915 ]
353: [ 2.9231666666666665  4.117166666666667  0.22433333333333333  3.4691666666666667 ]
354: [ 1.9473333333333334  5.6685  2.2163333333333335  1.9328333333333334 ]
355: [ 2.137166666666667  9.4185  9.419666666666666  3.2003333333333335 ]
356: [ 4.934333333333333  3.8875  3.8726666666666665  0.034166666666666665 ]
357: [ 2.730166666666667  1.9106666666666667  1.632  1.2726666666666666 ]
358: [ 1.2955  0.06916666666666667  8.256666666666666  2.788 ]
359: [ 9.135666666666667  4.027833333333334  10.192833333333333  0.034666666666666665 ]
360: [ 0.809  3.331166666666667  3.1893333333333334  3.3361666666666667 ]
361: [ 5.5515  0.0025  6.6985  6.193666666666667 ]
362: [ 2.039  0.020666666666666667  6.292  9.869166666666667 ]
363: [ 0.24983333333333332  8.890833333333333  2.417  1.934 ]
364: [ 1.097  5.3741666666666665  10.5705  2.247333333333333 ]
365: [ 3.264  2.361  0.14533333333333334  3.934833333333333 ]
366: [ 1.364  3.7986666666666666  3.3945  0.4161666666666667 ]
367: [ 5.9775  1.8821666666666668  0.536  1.386 ]
368: [ 9.063  2.761833333333333  2.804  8.857 ]
369: [ 0.5195  0.882  5.4526666666666666  9.367833333333333 ]
370: [ 2.601166666666667  7.0696666666666665  2.671666666666667  0.21516666666666667 ]
371: [ 0.5165  1.0225  8.766833333333333  1.2015 ]
372: [ 2.4443333333333332  2.545  2.8875  1.9786666666666666 ]
373: [ 6.726666666666667  4.76  0.108  4.705 ]
374: [ 7.522666666666667  0.0013333333333333333  8.504333333333333  3.895166666666667 ]
375: [ 2.3256666666666668  4.5225  0.21566666666666667  1.405 ]
376: [ 3.345  0.2718333333333333  0.33816666666666667  10.626333333333333 ]
377: [ 9.645666666666667  4.736833333333333  4.5728333333333335  0.04416666666666667 ]
378: [ 10.5625  1.413  0.6158333333333333  3.0188333333333333 ]
379: [ 3.196833333333333  0.3795  0.45216666666666666  3.413 ]
380: [ 2.2005  6.641333333333334  1.1033333333333333  0.7896666666666666 ]
381: [ 3.7305  0.01  2.3103333333333333  4.773666666666666 ]
382: [ 2.7656666666666667  2.0766666666666667  1.351  2.5906666666666665 ]
383: [ 10.1275  0.21516666666666667  1.5021666666666667  1.2733333333333334 ]
384: [ 0.16216666666666665  0.848  4.570333333333333  8.720833333333333 ]
385: [ 2.9291666666666667  2.176833333333333  1.48  3.1765 ]
386: [ 3.083833333333333  8.9255  1.6551666666666667  0.034166666666666665 ]
387: [ 7.722166666666666  0.2175  0.23416666666666666  8.110833333333334 ]
388: [ 1.957  1.6681666666666666  0.9318333333333333  2.480166666666667 ]
389: [ 7.3036666666666665  0.04933333333333333  10.0715  2.9431666666666665 ]
390: [ 6.019666666666667  1.1571666666666667  0.6921666666666667  5.260666666666666 ]
391: [ 0.5706666666666667  2.0268333333333333  9.886333333333333  2.2511666666666668 ]
392: [ 0.2608333333333333  4.682333333333333  4.472  1.0138333333333334 ]
393: [ 0.04  6.798  9.307  10.759166666666667 ]
394: [ 1.9911666666666668  7.399333333333334  3.9556666666666667  0.095 ]
395: [ 0.04816666666666667  3.513  3.2888333333333333  10.412333333333333 ]
396: [ 4.789333333333333  1.3353333333333333  0.273  4.882833333333333 ]
397: [ 7.5776666666666666  0.013166666666666667  7.014333333333333  9.902833333333334 ]
398: [ 4.163333333333333  9.88  1.8653333333333333  0.027333333333333334 ]
399: [ 5.7255  0.631  1.1663333333333334  1.1985 ]
400: [ 5.285  0.7078333333333333  0.1535  8.754333333333333 ]
